23
50 5 0 0 1 0
0 5 50 0 1 0
136.696 5 -31.1735 0 1 0
77.1666 5 73.175 0 1 0
-87.0324 5 73.8541 0 1 0
-73.9304 5 62.1471 0 1 0
88.3138 5 27.0813 0 1 0
-34.3616 5 61.2818 0 1 0
-91.9416 5 -13.9925 0 1 0
84.3449 5 58.6861 0 1 0
-34.6245 5 27.026 0 1 0
-69.3856 5 4.39409 0 1 0
42.7535 5 -104.746 0 1 0
-103.183 5 -84.1179 0 1 0
34.6052 5 -8.29655 0 1 0
69.2105 5 -66.5931 0 1 0
61.1113 5 -109.987 0 1 0
-42.4104 5 37.1265 0 1 0
51.0039 35.1452 70.6618 0 1 0
-23.7618 105.743 10.6113 0 1 0
40.6579 5 -49.4392 0 1 0
-77.8678 5 -40.0817 0 1 0
-2.58253 5 -48.3914 0 1 0
